# GIMP colorrc
# 
# This file holds a list of recently used colors.

(color-history
    (color-rgba 1 1 1 1)
    (color-rgba 0.94509810209274292 0.36862745881080627 0 1)
    (color-rgba 0 0 0 1)
    (color-rgba 0.94117653369903564 0.25490197539329529 0.69803923368453979 1)
    (color-rgba 0.94509810209274292 0.3694038315181058 0 1)
    (color-rgba 0.94509810209274292 0.4745098352432251 0.17254902422428131 1)
    (color-rgba 0.9460431654676259 0.47588034314550809 0.17143064072232145 1)
    (color-rgba 0.90287769784172656 0.64174288338674745 0.4726473854473468 1)
    (color-rgba 0.89568345323741005 0.49433209428326158 0.23444063541113414 1)
    (color-rgba 0.96043165467625902 0.53500555260489591 0.72782457728472227 1)
    (color-rgba 0.97647064924240112 0.97647064924240112 0.97647064924240112 1)
    (color-rgba 0.85882359743118286 0.85882359743118286 0.85882359743118286 1)
    (color-rgba 0.3333333432674408 0.54509806632995605 0.90196084976196289 1)
    (color-rgba 0.90196084976196289 0.42352944612503052 0.11372549831867218 1)
    (color-rgba 0.33221476510067116 0.54622612287041794 0.90000000000000002 1)
    (color-rgba 0.94117653369903564 0.58823531866073608 0.69803923368453979 1)
    (color-rgba 0.64102564102564097 0.30100334706011056 0.080824972037230464 1)
    (color-rgba 0.94230769230769229 0.58974358974358976 0.69838767324570128 1)
    (color-rgba 0.94230769230769229 0.252968508002065 0.69838767324570128 1)
    (color-rgba 1 0.45503355704698012 0.22147651006711411 1)
    (color-rgba 0.65384615384615385 0.36557324967237187 0.11848218895198759 1)
    (color-rgba 0.90384615384615385 0.42462570986060916 0.11525554981930825 1)
    (color-rgba 0.038461538461538436 0.030201342281879175 0.030201342281879175 1)
    (color-rgba 0.49093959731543624 0.53684563758389248 0.94999999999999996 1)
    (color-rgba 0.039215686274509803 0.031372549019607843 0.031372549019607843 1)
    (color-rgba 0.92692307692307696 0.031104801239029384 0.031104801239029384 1)
    (color-rgba 0.76560104840951515 0.20245224574083637 0.97307692307692306 1)
    (color-rgba 0.88627451658248901 0.51764708757400513 0.17254902422428131 1)
    (color-rgba 0.96282911719153297 0.59112028910686598 0.033557046979865675 1)
    (color-rgba 0.96282911719153297 0.74358974358974361 0.033557046979865723 1)
    (color-rgba 1 0 0 1))

# end of colorrc
